Topic: Analyzes the asymptotic similarity between different initial lexica.

--- Litteral listener: ---
[[0.333 0.333 0.    0.    0.333]
 [0.5   0.5   0.    0.    0.   ]
 [0.25  0.    0.25  0.25  0.25 ]
 [0.333 0.    0.    0.333 0.333]
 [0.333 0.333 0.    0.    0.333]]

--- Pragmatic speaker 1: ---
[[0.2   0.333 0.    0.    0.25 ]
 [0.2   0.333 0.    0.    0.   ]
 [0.2   0.    1.    0.5   0.25 ]
 [0.2   0.    0.    0.5   0.25 ]
 [0.2   0.333 0.    0.    0.25 ]]

--- Pragmatic listener 1: ---
[[0.255 0.425 0.    0.    0.319]
 [0.375 0.625 0.    0.    0.   ]
 [0.103 0.    0.513 0.256 0.128]
 [0.211 0.    0.    0.526 0.263]
 [0.255 0.425 0.    0.    0.319]]

--- Pragmatic speaker 2: ---
[[0.2   0.333 0.    0.    0.25 ]
 [0.2   0.333 0.    0.    0.   ]
 [0.2   0.    1.    0.5   0.25 ]
 [0.2   0.    0.    0.5   0.25 ]
 [0.2   0.333 0.    0.    0.25 ]]

--- Pragmatic listener 2: ---
[[0.255 0.425 0.    0.    0.319]
 [0.375 0.625 0.    0.    0.   ]
 [0.103 0.    0.513 0.256 0.128]
 [0.21  0.    0.    0.526 0.263]
 [0.255 0.425 0.    0.    0.319]]

--- Pragmatic speaker 3: ---
[[0.2   0.333 0.    0.    0.25 ]
 [0.2   0.333 0.    0.    0.   ]
 [0.2   0.    1.    0.5   0.25 ]
 [0.2   0.    0.    0.5   0.25 ]
 [0.2   0.333 0.    0.    0.25 ]]

--- Pragmatic listener 3: ---
[[0.255 0.425 0.    0.    0.319]
 [0.375 0.625 0.    0.    0.   ]
 [0.103 0.    0.513 0.256 0.128]
 [0.21  0.    0.    0.526 0.263]
 [0.255 0.425 0.    0.    0.319]]

--- Pragmatic speaker 4: ---
[[0.2   0.333 0.    0.    0.25 ]
 [0.2   0.333 0.    0.    0.   ]
 [0.2   0.    1.    0.5   0.25 ]
 [0.2   0.    0.    0.5   0.25 ]
 [0.2   0.333 0.    0.    0.25 ]]

--- Pragmatic listener 4: ---
[[0.255 0.425 0.    0.    0.319]
 [0.375 0.625 0.    0.    0.   ]
 [0.103 0.    0.513 0.256 0.128]
 [0.21  0.    0.    0.526 0.263]
 [0.255 0.425 0.    0.    0.319]]

--- Pragmatic speaker 5: ---
[[0.2   0.333 0.    0.    0.25 ]
 [0.2   0.333 0.    0.    0.   ]
 [0.2   0.    1.    0.5   0.25 ]
 [0.2   0.    0.    0.5   0.25 ]
 [0.2   0.333 0.    0.    0.25 ]]

--- Pragmatic listener 5: ---
[[0.255 0.425 0.    0.    0.319]
 [0.375 0.625 0.    0.    0.   ]
 [0.103 0.    0.513 0.256 0.128]
 [0.21  0.    0.    0.526 0.263]
 [0.255 0.425 0.    0.    0.319]]

--- Pragmatic speaker 6: ---
[[0.2   0.333 0.    0.    0.25 ]
 [0.2   0.333 0.    0.    0.   ]
 [0.2   0.    1.    0.5   0.25 ]
 [0.2   0.    0.    0.5   0.25 ]
 [0.2   0.333 0.    0.    0.25 ]]

--- Pragmatic listener 6: ---
[[0.255 0.425 0.    0.    0.319]
 [0.375 0.625 0.    0.    0.   ]
 [0.103 0.    0.513 0.256 0.128]
 [0.21  0.    0.    0.526 0.263]
 [0.255 0.425 0.    0.    0.319]]

--- Pragmatic speaker 7: ---
[[0.2   0.333 0.    0.    0.25 ]
 [0.2   0.333 0.    0.    0.   ]
 [0.2   0.    1.    0.5   0.25 ]
 [0.2   0.    0.    0.5   0.25 ]
 [0.2   0.333 0.    0.    0.25 ]]

--- Pragmatic listener 7: ---
[[0.255 0.425 0.    0.    0.319]
 [0.375 0.625 0.    0.    0.   ]
 [0.103 0.    0.513 0.256 0.128]
 [0.21  0.    0.    0.526 0.263]
 [0.255 0.425 0.    0.    0.319]]

--- Pragmatic speaker 8: ---
[[0.2   0.333 0.    0.    0.25 ]
 [0.2   0.333 0.    0.    0.   ]
 [0.2   0.    1.    0.5   0.25 ]
 [0.2   0.    0.    0.5   0.25 ]
 [0.2   0.333 0.    0.    0.25 ]]

--- Pragmatic listener 8: ---
[[0.255 0.425 0.    0.    0.319]
 [0.375 0.625 0.    0.    0.   ]
 [0.103 0.    0.513 0.256 0.128]
 [0.21  0.    0.    0.526 0.263]
 [0.255 0.425 0.    0.    0.319]]

--- Pragmatic speaker 9: ---
[[0.2   0.333 0.    0.    0.25 ]
 [0.2   0.333 0.    0.    0.   ]
 [0.2   0.    1.    0.5   0.25 ]
 [0.2   0.    0.    0.5   0.25 ]
 [0.2   0.333 0.    0.    0.25 ]]

--- Pragmatic listener 9: ---
[[0.255 0.425 0.    0.    0.319]
 [0.375 0.625 0.    0.    0.   ]
 [0.103 0.    0.513 0.256 0.128]
 [0.21  0.    0.    0.526 0.263]
 [0.255 0.425 0.    0.    0.319]]

--- Pragmatic speaker 10: ---
[[0.2   0.333 0.    0.    0.25 ]
 [0.2   0.333 0.    0.    0.   ]
 [0.2   0.    1.    0.5   0.25 ]
 [0.2   0.    0.    0.5   0.25 ]
 [0.2   0.333 0.    0.    0.25 ]]

--- Pragmatic listener 10: ---
[[0.255 0.425 0.    0.    0.319]
 [0.375 0.625 0.    0.    0.   ]
 [0.103 0.    0.513 0.256 0.128]
 [0.21  0.    0.    0.526 0.263]
 [0.255 0.425 0.    0.    0.319]]

--- Pragmatic speaker 11: ---
[[0.2   0.333 0.    0.    0.25 ]
 [0.2   0.333 0.    0.    0.   ]
 [0.2   0.    1.    0.5   0.25 ]
 [0.2   0.    0.    0.5   0.25 ]
 [0.2   0.333 0.    0.    0.25 ]]

--- Pragmatic listener 11: ---
[[0.255 0.425 0.    0.    0.319]
 [0.375 0.625 0.    0.    0.   ]
 [0.103 0.    0.513 0.256 0.128]
 [0.21  0.    0.    0.526 0.263]
 [0.255 0.425 0.    0.    0.319]]

--- Pragmatic speaker 12: ---
[[0.2   0.333 0.    0.    0.25 ]
 [0.2   0.333 0.    0.    0.   ]
 [0.2   0.    1.    0.5   0.25 ]
 [0.2   0.    0.    0.5   0.25 ]
 [0.2   0.333 0.    0.    0.25 ]]

--- Pragmatic listener 12: ---
[[0.255 0.425 0.    0.    0.319]
 [0.375 0.625 0.    0.    0.   ]
 [0.103 0.    0.513 0.256 0.128]
 [0.21  0.    0.    0.526 0.263]
 [0.255 0.425 0.    0.    0.319]]

--- Pragmatic speaker 13: ---
[[0.2   0.333 0.    0.    0.25 ]
 [0.2   0.333 0.    0.    0.   ]
 [0.2   0.    1.    0.5   0.25 ]
 [0.2   0.    0.    0.5   0.25 ]
 [0.2   0.333 0.    0.    0.25 ]]

--- Pragmatic listener 13: ---
[[0.255 0.425 0.    0.    0.319]
 [0.375 0.625 0.    0.    0.   ]
 [0.103 0.    0.513 0.256 0.128]
 [0.21  0.    0.    0.526 0.263]
 [0.255 0.425 0.    0.    0.319]]

--- Pragmatic speaker 14: ---
[[0.2   0.333 0.    0.    0.25 ]
 [0.2   0.333 0.    0.    0.   ]
 [0.2   0.    1.    0.5   0.25 ]
 [0.2   0.    0.    0.5   0.25 ]
 [0.2   0.333 0.    0.    0.25 ]]

--- Pragmatic listener 14: ---
[[0.255 0.425 0.    0.    0.319]
 [0.375 0.625 0.    0.    0.   ]
 [0.103 0.    0.513 0.256 0.128]
 [0.21  0.    0.    0.526 0.263]
 [0.255 0.425 0.    0.    0.319]]

--- Pragmatic speaker 15: ---
[[0.2   0.333 0.    0.    0.25 ]
 [0.2   0.333 0.    0.    0.   ]
 [0.2   0.    1.    0.5   0.25 ]
 [0.2   0.    0.    0.5   0.25 ]
 [0.2   0.333 0.    0.    0.25 ]]

--- Pragmatic listener 15: ---
[[0.255 0.425 0.    0.    0.319]
 [0.375 0.625 0.    0.    0.   ]
 [0.103 0.    0.513 0.256 0.128]
 [0.21  0.    0.    0.526 0.263]
 [0.255 0.425 0.    0.    0.319]]

